# Bundle file v0.3
120 11364
0 0 0
0 0 0
0 0 0
0 0 0
0 0 0
3.7178723017e+002 -5.2923587921e-002 2.1436749062e-002
9.5647945198e-001 2.7586956368e-001 -9.5094909322e-002
2.7139934647e-001 -9.6075563308e-001 -5.7367309853e-002
-1.0718886455e-001 2.9061956847e-002 -9.9381384071e-001
-1.6123988648e+000 -8.9174451782e+000 1.9139421877e+000
3.7178723017e+002 -5.2923587921e-002 2.1436749062e-002
9.5458513642e-001 2.7556385345e-001 -1.1327744701e-001
2.6439838925e-001 -9.5876219772e-001 -1.0425229010e-001
-1.3733429684e-001 6.9567312035e-002 -9.8807878229e-001
-1.5230784706e+000 -8.2978656872e+000 2.0515180529e+000
3.7178723017e+002 -5.2923587921e-002 2.1436749062e-002
9.6666742614e-001 2.3387137734e-001 -1.0420300425e-001
2.2802816634e-001 -9.7148170245e-001 -6.5011207926e-002
-1.1643557271e-001 3.9082997052e-002 -9.9242897819e-001
-1.7951292250e+000 -7.6651026702e+000 1.4486597264e+000
3.7178723017e+002 -5.2923587921e-002 2.1436749062e-002
9.6182601049e-001 2.4793950321e-001 -1.1583060171e-001
2.3303443996e-001 -9.6396244957e-001 -1.2834074022e-001
-1.4347708993e-001 9.6448942753e-002 -9.8494260041e-001
-1.5830770162e+000 -6.9296758332e+000 1.6128438262e+000
3.7178723017e+002 -5.2923587921e-002 2.1436749062e-002
9.6840173148e-001 2.2704536710e-001 -1.0319151002e-001
2.1622830427e-001 -9.7054633880e-001 -1.0623146741e-001
-1.2427150476e-001 8.0561811755e-002 -9.8897238970e-001
-1.6417921160e+000 -6.3090106608e+000 1.1408629236e+000
3.7178723017e+002 -5.2923587921e-002 2.1436749062e-002
9.6369959685e-001 2.4003379823e-001 -1.1690535806e-001
2.2680911051e-001 -9.6702514243e-001 -1.1584472930e-001
-1.4085707090e-001 8.5124318650e-002 -9.8636359217e-001
-1.4875796403e+000 -5.7506431288e+000 8.9905735609e-001
3.7178723017e+002 -5.2923587921e-002 2.1436749062e-002
9.6130951494e-001 2.4499419901e-001 -1.2594387220e-001
2.4928818490e-001 -9.6823702222e-001 1.9299473260e-002
-1.1721526080e-001 -4.9949086579e-002 -9.9184962136e-001
-1.3825196287e+000 -5.3024197606e+000 2.2534331669e-002
3.7178723017e+002 -5.2923587921e-002 2.1436749062e-002
9.0195263763e-001 4.1411674470e-001 -1.2242859646e-001
3.7850368917e-001 -8.9460615894e-001 -2.3751795230e-001
-2.0788553764e-001 1.6789026815e-001 -9.6363710031e-001
-3.9212106791e-001 -5.0622512316e+000 1.2698390745e+000
3.7178723017e+002 -5.2923587921e-002 2.1436749062e-002
9.1374132886e-001 3.9485515214e-001 -9.5740235841e-002
3.8073952012e-001 -9.1440726252e-001 -1.3746554502e-001
-1.4182454566e-001 8.9155858327e-002 -9.8586866832e-001
-3.8587424634e-001 -4.3733081138e+000 8.1716920025e-001
3.7178723017e+002 -5.2923587921e-002 2.1436749062e-002
9.1736208566e-001 3.8966921248e-001 -8.1269358569e-002
3.6485841777e-001 -9.0477196005e-001 -2.1969532376e-001
-1.5913874064e-001 1.7188835084e-001 -9.7217758464e-001
-2.7793885996e-001 -3.5159040608e+000 1.0999164979e+000
3.7178723017e+002 -5.2923587921e-002 2.1436749062e-002
8.9539862189e-001 4.2252743436e-001 -1.4047019305e-001
4.1187215140e-001 -9.0581897730e-001 -9.9263846745e-002
-1.6918226510e-001 3.1024950959e-002 -9.8509634737e-001
-4.8456765367e-002 -2.8119339500e+000 7.0644290039e-001
3.7178723017e+002 -5.2923587921e-002 2.1436749062e-002
9.1058299526e-001 3.9905291118e-001 -1.0768185931e-001
3.8066980672e-001 -9.1117448062e-001 -1.5764378873e-001
-1.6102517505e-001 1.0255652076e-001 -9.8160738233e-001
-2.0539552352e-002 -1.9225857416e+000 8.5879225093e-001
3.7178723017e+002 -5.2923587921e-002 2.1436749062e-002
9.2656948046e-001 3.6416535073e-001 -9.4088230964e-002
3.4672197783e-001 -9.2394104817e-001 -1.6160696024e-001
-1.4578363409e-001 1.1711761966e-001 -9.8235970764e-001
1.8513264928e-001 -1.8195065665e-001 8.1272648723e-001
3.7178723017e+002 -5.2923587921e-002 2.1436749062e-002
9.2412658779e-001 3.6577162960e-001 -1.1045888246e-001
3.4573630346e-001 -9.2357091528e-001 -1.6578049618e-001
-1.6265441342e-001 1.1501251855e-001 -9.7995696965e-001
3.3857011330e-001 7.3356765465e-001 7.6948962507e-001
3.7178723017e+002 -5.2923587921e-002 2.1436749062e-002
9.1699648953e-001 3.8219553988e-001 -1.1421036506e-001
3.5931830916e-001 -9.1577253074e-001 -1.7958570277e-001
-1.7322756967e-001 1.2364158375e-001 -9.7709005106e-001
4.6999610189e-001 1.6421123593e+000 7.1519365268e-001
3.7178723017e+002 -5.2923587921e-002 2.1436749062e-002
9.2400214855e-001 3.6942797188e-001 -9.8706651581e-002
3.4761811932e-001 -9.1906559754e-001 -1.8568810015e-001
-1.5931626596e-001 1.3726398291e-001 -9.7763844360e-001
6.3474940463e-001 2.5342815146e+000 6.7310177563e-001
3.7178723017e+002 -5.2923587921e-002 2.1436749062e-002
9.2354264136e-001 3.7076446299e-001 -9.7993380237e-002
3.5664170565e-001 -9.2429633148e-001 -1.3595214381e-001
-1.4098114546e-001 9.0609075726e-002 -9.8585714585e-001
7.9138884286e-001 3.3892831037e+000 7.8927994324e-001
3.7178723017e+002 -5.2923587921e-002 2.1436749062e-002
-9.9430403622e-001 1.0195962101e-001 3.1043827823e-002
9.5458930955e-002 9.8147937176e-001 -1.6608984106e-001
-4.7403333876e-002 -1.6218038872e-001 -9.8562185723e-001
-2.5002840506e+000 -2.7162927265e+000 1.7844604365e+000
3.7178723017e+002 -5.2923587921e-002 2.1436749062e-002
-9.9762558122e-001 -1.2341165619e-002 6.7756146029e-002
-1.1975983638e-002 9.9991150333e-001 5.7932136405e-003
-6.7821644845e-002 4.9680116291e-003 -9.9768509228e-001
-2.1256550062e+000 -2.5559962934e+000 1.1793932211e+000
3.7178723017e+002 -5.2923587921e-002 2.1436749062e-002
-9.9649213595e-001 -3.0029442045e-002 7.8113094931e-002
-2.6754116051e-002 9.9873202515e-001 4.2644568389e-002
-7.9294642086e-002 4.0405130234e-002 -9.9603202016e-001
-1.9328277832e+000 -1.7453623597e+000 1.0101872627e+000
3.7178723017e+002 -5.2923587921e-002 2.1436749062e-002
-9.9624668428e-001 -5.1878313351e-002 6.9290581375e-002
-4.9077877528e-002 9.9793135957e-001 4.1525456398e-002
-7.1301514716e-002 3.7968963583e-002 -9.9673188562e-001
-1.8217194907e+000 -9.0912553186e-001 9.7476283611e-001
3.7178723017e+002 -5.2923587921e-002 2.1436749062e-002
-9.9389251700e-001 -7.7652170951e-002 7.8407939591e-002
-7.0555304833e-002 9.9348004754e-001 8.9550790606e-002
-8.4850536853e-002 8.3471764595e-002 -9.9289115764e-001
-1.7852219899e+000 -1.6213165799e-001 8.9468319252e-001
3.7178723017e+002 -5.2923587921e-002 2.1436749062e-002
-9.9303765900e-001 -1.0235175305e-001 5.8312318275e-002
-1.0209445421e-001 9.9474731482e-001 7.3825518672e-003
-5.8761639151e-002 1.3777877159e-003 -9.9827109117e-001
-1.7553615449e+000 7.2080522624e-001 8.5228335950e-001
3.7178723017e+002 -5.2923587921e-002 2.1436749062e-002
-9.9021856949e-001 -1.1536701708e-001 7.8470605982e-002
-1.1256294486e-001 9.9286791613e-001 3.9279569221e-002
-8.2442513772e-002 3.0062476350e-002 -9.9614229879e-001
-1.7657288437e+000 1.5548307796e+000 7.6754619633e-001
3.7178723017e+002 -5.2923587921e-002 2.1436749062e-002
-9.8588716852e-001 -1.3554867940e-001 9.8249918354e-002
-1.3611608171e-001 9.9069245295e-001 9.3593266503e-004
-9.7462317053e-002 -1.2450669909e-002 -9.9516133243e-001
-1.8264427832e+000 2.3690475496e+000 5.8398923368e-001
3.7178723017e+002 -5.2923587921e-002 2.1436749062e-002
-9.8425342506e-001 -1.7021723660e-001 4.7658027939e-002
-1.6905852707e-001 9.8522506428e-001 2.7400495171e-002
-5.1617920209e-002 1.8912035214e-002 -9.9848781927e-001
-1.9594714314e+000 3.2299650860e+000 6.4992421476e-001
3.7178723017e+002 -5.2923587921e-002 2.1436749062e-002
-9.8429975280e-001 -1.4268861700e-001 1.0389396145e-001
-1.4199656895e-001 9.8976721221e-001 1.4065561893e-002
-1.0483783217e-001 -9.0785696710e-004 -9.9448891635e-001
-1.9111651234e+000 4.1811601820e+000 3.9191104721e-001
3.7178723017e+002 -5.2923587921e-002 2.1436749062e-002
-9.8227963694e-001 -1.7265598622e-001 7.2915192414e-002
-1.7219683259e-001 9.8498216878e-001 1.2584833546e-002
-7.3993011208e-002 -1.9393945468e-004 -9.9725874109e-001
-2.0946849080e+000 5.0410104225e+000 3.3924836167e-001
3.7178723017e+002 -5.2923587921e-002 2.1436749062e-002
-9.8173198981e-001 -1.7309793858e-001 7.8989897126e-002
-1.7122654815e-001 9.8477692037e-001 2.9931360141e-002
-8.2968484371e-002 1.5859406325e-002 -9.9642596806e-001
-2.1596548028e+000 5.9571711400e+000 3.3622237617e-001
3.7178723017e+002 -5.2923587921e-002 2.1436749062e-002
-9.8257292696e-001 -1.6815597606e-001 7.9208654348e-002
-1.6661387805e-001 9.8568622051e-001 2.5738887744e-002
-8.2403026927e-002 1.2093073191e-002 -9.9652571404e-001
-2.1788751550e+000 6.8555946100e+000 2.3115676111e-001
3.7178723017e+002 -5.2923587921e-002 2.1436749062e-002
-9.8422102085e-001 -1.6356792250e-001 6.7487160568e-002
-1.6178899017e-001 9.8633613750e-001 3.1070025934e-002
-7.1647084880e-002 1.9661093084e-002 -9.9723624916e-001
-2.1902675216e+000 7.7655374837e+000 2.1790222090e-001
3.7178723017e+002 -5.2923587921e-002 2.1436749062e-002
-9.8554508383e-001 -1.5504282626e-001 6.8283305244e-002
-1.5283129950e-001 9.8757681484e-001 3.6532570146e-002
-7.3099122025e-002 2.5568668632e-002 -9.9699687138e-001
-2.1423102681e+000 8.6807583959e+000 1.8505477577e-001
3.7178723017e+002 -5.2923587921e-002 2.1436749062e-002
-9.8654137443e-001 -1.4223218027e-001 8.0660544440e-002
-1.4235642216e-001 9.8980639036e-001 4.2377666670e-003
-8.0441069130e-002 -7.3018143638e-003 -9.9673262107e-001
-2.0497661348e+000 9.5789245663e+000 -2.1530165872e-001
3.7178723017e+002 -5.2923587921e-002 2.1436749062e-002
-9.8759957776e-001 -1.3851361684e-001 7.3898930725e-002
-1.3928451574e-001 9.9023791267e-001 -5.3572374144e-003
-7.2435472578e-002 -1.5583782188e-002 -9.9725134647e-001
-2.0477228992e+000 1.0488188156e+001 -3.9272720738e-001
3.7178723017e+002 -5.2923587921e-002 2.1436749062e-002
-9.8805914381e-001 -1.2796543263e-001 8.5813614167e-002
-1.2835504301e-001 9.9172779192e-001 9.8471607231e-004
-8.5229755713e-002 -1.0041652418e-002 -9.9631072159e-001
-1.9447402302e+000 1.1376944013e+001 -4.4111851722e-001
3.7178723017e+002 -5.2923587921e-002 2.1436749062e-002
-9.8929892279e-001 -1.2824623464e-001 6.9574022902e-002
-1.2889088331e-001 9.9164697899e-001 -4.8383125322e-003
-6.8372374263e-002 -1.3753994644e-002 -9.9756505856e-001
-1.9707309983e+000 1.2257531785e+001 -5.9311926063e-001
3.7178723017e+002 -5.2923587921e-002 2.1436749062e-002
-9.9205690178e-001 -1.0960483156e-001 6.1724262047e-002
-1.0873487904e-001 9.9392038856e-001 1.7291248541e-002
-6.3244206901e-002 1.0442322288e-002 -9.9794344940e-001
-1.7523360537e+000 1.3186692518e+001 -3.6370805060e-001
3.7178723017e+002 -5.2923587921e-002 2.1436749062e-002
-9.9129378425e-001 -1.0846328340e-001 7.4648171129e-002
-1.0632886527e-001 9.9381569390e-001 3.2008420170e-002
-7.7658262337e-002 2.3792492628e-002 -9.9669609791e-001
-1.7156589410e+000 1.4116404848e+001 -2.9699892937e-001
3.7178723017e+002 -5.2923587921e-002 2.1436749062e-002
-9.9059860394e-001 -1.2157391587e-001 6.2723112578e-002
-1.2066755556e-001 9.9252876061e-001 1.8055480867e-002
-6.4449568701e-002 1.0317089468e-002 -9.9786763188e-001
-1.9192008850e+000 1.4955265883e+001 -5.6215935759e-001
3.7178723017e+002 -5.2923587921e-002 2.1436749062e-002
-9.8958026386e-001 -1.2532288917e-001 7.0887762240e-002
-1.2057802683e-001 9.9039427927e-001 6.7676517638e-002
-7.8688250912e-002 5.8423839684e-002 -9.9518581889e-001
-1.9789712362e+000 1.5871018306e+001 1.0786834656e-001
3.7178723017e+002 -5.2923587921e-002 2.1436749062e-002
-9.9089672422e-001 -1.2607110624e-001 4.7220314488e-002
-1.2459112752e-001 9.9165641152e-001 3.3084927639e-002
-5.0997381043e-002 2.6900514194e-002 -9.9833643100e-001
-2.0179490520e+000 1.6754328003e+001 -4.5366289959e-001
3.7178723017e+002 -5.2923587921e-002 2.1436749062e-002
1.0373634065e-001 -9.8744919571e-001 -1.1909180294e-001
-9.9392328806e-001 -9.8487505361e-002 -4.9160031952e-002
3.6813979432e-002 1.2346779818e-001 -9.9166548479e-001
-1.7396415950e+001 -1.4583111587e+000 1.1251651260e+000
3.7178723017e+002 -5.2923587921e-002 2.1436749062e-002
9.1226738006e-002 -9.8990415411e-001 -1.0847786844e-001
-9.9491731643e-001 -9.5263830169e-002 3.2624164801e-002
-4.2628813497e-002 1.0495031362e-001 -9.9356339301e-001
-1.7415232618e+001 -5.0568793903e-001 7.5922764572e-001
3.7178723017e+002 -5.2923587921e-002 2.1436749062e-002
9.8607731650e-001 1.1808213201e-001 -1.1708174914e-001
1.0057062918e-001 -9.8421734922e-001 -1.4560823477e-001
-1.3242761958e-001 1.3180599223e-001 -9.8238999689e-001
2.9758306160e-001 -1.7022490544e+001 1.3286689759e+000
3.7178723017e+002 -5.2923587921e-002 2.1436749062e-002
9.9366435743e-001 6.5850042432e-002 -9.1076433199e-002
5.3436849259e-002 -9.8972997863e-001 -1.3258609481e-001
-9.8871876253e-002 1.2687923907e-001 -9.8697822204e-001
-5.2624377305e-001 -1.6179844726e+001 1.1592756276e+000
3.7178723017e+002 -5.2923587921e-002 2.1436749062e-002
9.9641032793e-001 4.7826686805e-002 -6.9850314481e-002
3.8498737982e-002 -9.9086258074e-001 -1.2926404477e-001
-7.5394333856e-002 1.2611088028e-001 -9.8914697608e-001
-6.9385503356e-001 -1.5318327363e+001 1.0910132852e+000
3.7178723017e+002 -5.2923587921e-002 2.1436749062e-002
9.9627628969e-001 3.4025071668e-002 -7.9220256881e-002
2.3694968969e-002 -9.9150862553e-001 -1.2786396653e-001
-8.2898148640e-002 1.2551071663e-001 -9.8862275766e-001
-8.5018760652e-001 -1.4451127047e+001 1.0751344967e+000
3.7178723017e+002 -5.2923587921e-002 2.1436749062e-002
9.9498317476e-001 8.5552311085e-003 -9.9675924739e-002
-5.5542730779e-003 -9.9007610012e-001 -1.4042245556e-001
-9.9888097401e-002 1.4027160795e-001 -9.8506154326e-001
-1.1538308617e+000 -1.3560897375e+001 1.2901528780e+000
3.7178723017e+002 -5.2923587921e-002 2.1436749062e-002
9.9457356000e-001 -1.7369598184e-002 -1.0257548829e-001
-3.1844874329e-002 -9.8946630362e-001 -1.4121734305e-001
-9.9042100739e-002 1.4371753914e-001 -9.8465015677e-001
-1.3991250625e+000 -1.2626455128e+001 1.3068393759e+000
3.7178723017e+002 -5.2923587921e-002 2.1436749062e-002
9.9497095212e-001 -2.1861924561e-002 -9.7748967738e-002
-3.5063948997e-002 -9.9016261711e-001 -1.3545667629e-001
-9.3826030077e-002 1.3820292300e-001 -9.8594960731e-001
-1.3487434054e+000 -1.1742786684e+001 1.2184287890e+000
3.7178723017e+002 -5.2923587921e-002 2.1436749062e-002
9.9489018090e-001 -2.5788255198e-002 -9.7614004358e-002
-3.8651207295e-002 -9.9045975827e-001 -1.3227075043e-001
-9.3271711293e-002 1.3536776994e-001 -9.8639543528e-001
-1.2731085142e+000 -1.0840063282e+001 1.1405107335e+000
3.7178723017e+002 -5.2923587921e-002 2.1436749062e-002
9.9409070579e-001 -3.4667776592e-002 -1.0286794411e-001
-4.8472864683e-002 -9.8967316500e-001 -1.3489776822e-001
-9.7129038131e-002 1.3908692156e-001 -9.8550534154e-001
-1.2441998133e+000 -9.9101983671e+000 1.1614272741e+000
3.7178723017e+002 -5.2923587921e-002 2.1436749062e-002
9.9407427052e-001 -4.2916756792e-002 -9.9872401950e-002
-5.8154479584e-002 -9.8619273953e-001 -1.5505462585e-001
-9.1838996015e-002 1.5994384165e-001 -9.8284462980e-001
-1.1826734528e+000 -8.9906983376e+000 1.3189152614e+000
3.7178723017e+002 -5.2923587921e-002 2.1436749062e-002
9.9335029861e-001 -6.3256853710e-002 -9.6196438092e-002
-7.5312361745e-002 -9.8899406676e-001 -1.2735299010e-001
-8.7081757052e-002 1.3375091169e-001 -9.8718157459e-001
-1.2037360088e+000 -8.1066024392e+000 1.0643270366e+000
3.7178723017e+002 -5.2923587921e-002 2.1436749062e-002
9.9481126099e-001 -4.3270399689e-002 -9.2077291013e-002
-5.4462134069e-002 -9.9094414170e-001 -1.2273379314e-001
-8.5932711828e-002 1.2711168529e-001 -9.8815898949e-001
-8.9550615756e-001 -7.2380684868e+000 9.9347729931e-001
3.7178723017e+002 -5.2923587921e-002 2.1436749062e-002
9.9468841660e-001 -3.7496573499e-002 -9.5859067726e-002
-5.1765669913e-002 -9.8717707329e-001 -1.5100245493e-001
-8.8967799276e-002 1.5516260166e-001 -9.8387463517e-001
-7.1652918504e-001 -6.3089770544e+000 1.1586427378e+000
3.7178723017e+002 -5.2923587921e-002 2.1436749062e-002
9.9653542982e-001 -2.8459982571e-002 -7.8148362083e-002
-3.6641459602e-002 -9.9376106021e-001 -1.0533925498e-001
-7.4662845797e-002 1.0783776979e-001 -9.9136092059e-001
-5.1840651295e-001 -5.4479425102e+000 8.4638234100e-001
3.7178723017e+002 -5.2923587921e-002 2.1436749062e-002
9.9659598903e-001 7.0878637358e-003 -8.2135235080e-002
-3.1783704983e-003 -9.9225316511e-001 -1.2419160310e-001
-8.2379200136e-002 1.2402990973e-001 -9.8885299660e-001
-2.2700138674e-001 -4.5348860502e+000 8.9280147972e-001
3.7178723017e+002 -5.2923587921e-002 2.1436749062e-002
9.9677710061e-001 -1.5536690670e-002 -7.8702115230e-002
-2.5999990849e-002 -9.9067751959e-001 -1.3372379241e-001
-7.5890791104e-002 1.3533906836e-001 -9.8788861943e-001
-2.1511020132e-001 -3.6133666746e+000 9.2154887175e-001
3.7178723017e+002 -5.2923587921e-002 2.1436749062e-002
9.9389089076e-001 -4.3435105014e-002 -1.0146077528e-001
-5.5721461915e-002 -9.9101565278e-001 -1.2158575009e-001
-9.5268126622e-002 1.2649651219e-001 -9.8738169745e-001
-1.5728259289e-001 -2.6795737118e+000 8.9420829451e-001
3.7178723017e+002 -5.2923587921e-002 2.1436749062e-002
9.9659882497e-001 2.4311009558e-003 -8.2370333339e-002
-9.9675413497e-003 -9.8866953395e-001 -1.4977717032e-001
-8.1801162496e-002 1.5008878165e-001 -9.8528266372e-001
7.6648946926e-002 -1.7708474958e+000 9.0450210304e-001
3.7178723017e+002 -5.2923587921e-002 2.1436749062e-002
9.9692293850e-001 2.5610250190e-002 -7.4086231989e-002
1.7427900023e-002 -9.9388315221e-001 -1.0905295988e-001
-7.6425931371e-002 1.0742622977e-001 -9.9127124551e-001
1.9054435814e-001 -9.1399404913e-001 8.1538924184e-001
3.7178723017e+002 -5.2923587921e-002 2.1436749062e-002
9.9768879076e-001 3.5811910537e-003 -6.7854637742e-002
-5.0495371798e-003 -9.9194137149e-001 -1.2659706829e-001
-6.7761190712e-002 1.2664711049e-001 -9.8963070407e-001
2.7850127283e-001 1.6279261301e-002 8.1481294809e-001
3.7178723017e+002 -5.2923587921e-002 2.1436749062e-002
9.9664944830e-001 -8.2885437930e-003 -8.1370616547e-002
-1.9568121695e-002 -9.9012428283e-001 -1.3882000275e-001
-7.9416407680e-002 1.3994714928e-001 -9.8696901147e-001
3.9315967069e-001 9.1520083553e-001 7.8826282450e-001
3.7178723017e+002 -5.2923587921e-002 2.1436749062e-002
9.9593464695e-001 -6.7542278100e-003 -8.9825160213e-002
-1.7528391920e-002 -9.9265476384e-001 -1.1970495105e-001
-8.8356858689e-002 1.2079279878e-001 -9.8873766252e-001
4.9650301908e-001 1.8116294261e+000 8.0218513619e-001
3.7178723017e+002 -5.2923587921e-002 2.1436749062e-002
9.9309929658e-001 -9.5925747386e-003 -1.1688357300e-001
-2.3996447959e-002 -9.9218362840e-001 -1.2245741306e-001
-1.1479528567e-001 1.2441716135e-001 -9.8556705117e-001
6.2890282029e-001 2.7053297731e+000 7.5334784139e-001
3.7178723017e+002 -5.2923587921e-002 2.1436749062e-002
5.0451794578e-001 -8.3837484923e-001 2.0637164184e-001
-8.5136010222e-001 -5.2284150935e-001 -4.2693470865e-002
1.4369279290e-001 -1.5415695987e-001 -9.7754182161e-001
2.8983562903e+000 1.3728980179e+000 1.8143033500e+000
3.7178723017e+002 -5.2923587921e-002 2.1436749062e-002
2.9315974253e-002 -9.9510636651e-001 -9.4360441805e-002
-9.9956938545e-001 -2.9064927962e-002 -4.0340581728e-003
1.2717375271e-003 9.4438071171e-002 -9.9552992592e-001
3.6809148225e+000 1.9750343889e-001 8.2958809784e-001
3.7178723017e+002 -5.2923587921e-002 2.1436749062e-002
-9.4576379652e-001 -2.2277606726e-001 2.3643532951e-001
-2.5568910761e-001 9.5943519047e-001 -1.1877371572e-001
-2.0038443412e-001 -1.7278581871e-001 -9.6436048209e-001
1.3599551154e+000 -3.1681777119e+000 1.8791581047e+000
3.7178723017e+002 -5.2923587921e-002 2.1436749062e-002
-9.9269949688e-001 -1.1024389802e-001 4.8928435992e-002
-1.1161154306e-001 9.9340773655e-001 -2.6152101795e-002
-4.5722777208e-002 -3.1422156534e-002 -9.9845985183e-001
1.2623061116e+000 -2.7831346373e+000 1.1587688607e+000
3.7178723017e+002 -5.2923587921e-002 2.1436749062e-002
-9.9226486812e-001 -9.7318098081e-002 7.7068925559e-002
-9.3518946662e-002 9.9428636366e-001 5.1466820839e-002
-8.1637234864e-002 4.3861313453e-002 -9.9569651354e-001
1.2254597759e+000 -1.9399019954e+000 9.1937637540e-001
3.7178723017e+002 -5.2923587921e-002 2.1436749062e-002
-9.9021928205e-001 -1.1514184473e-001 7.8791681330e-002
-1.1448755314e-001 9.9334238726e-001 1.2786784417e-002
-7.9739410775e-002 3.6410536814e-003 -9.9680909361e-001
1.2660769356e+000 -9.8659476761e-001 8.8896489416e-001
3.7178723017e+002 -5.2923587921e-002 2.1436749062e-002
-9.8811178774e-001 -1.3354429142e-001 7.6164408693e-002
-1.3068385764e-001 9.9055928263e-001 4.1400929329e-002
-8.0974219808e-002 3.0955287550e-002 -9.9623538679e-001
1.2596797756e+000 -2.2454336109e-002 7.8625936254e-001
3.7178723017e+002 -5.2923587921e-002 2.1436749062e-002
-9.8700467846e-001 -1.3815261122e-001 8.2070827423e-002
-1.3608065294e-001 9.9023271337e-001 3.0351758911e-002
-8.5462392877e-002 1.8789076261e-002 -9.9616421840e-001
1.2302373603e+000 8.9572557042e-001 7.1646335601e-001
3.7178723017e+002 -5.2923587921e-002 2.1436749062e-002
-9.8466992606e-001 -1.4011190428e-001 1.0389317103e-001
-1.3554601569e-001 9.8951806254e-001 4.9812463738e-002
-1.0978348846e-001 3.4966529596e-002 -9.9334028785e-001
1.1911619803e+000 1.7976468772e+000 6.9951745112e-001
3.7178723017e+002 -5.2923587921e-002 2.1436749062e-002
-9.8609439648e-001 -1.4600925446e-001 7.9367114358e-002
-1.4003713140e-001 9.8720624235e-001 7.6245897604e-002
-8.9484317396e-002 6.4071309359e-002 -9.9392526090e-001
1.1608113115e+000 2.7019844467e+000 6.7787090066e-001
3.7178723017e+002 -5.2923587921e-002 2.1436749062e-002
-9.8523800112e-001 -1.5750802521e-001 6.7061935068e-002
-1.5435419716e-001 9.8675482308e-001 4.9896903098e-002
-7.4032850545e-002 3.8809033923e-002 -9.9650037427e-001
1.0870937578e+000 3.6467418193e+000 5.3294166185e-001
3.7178723017e+002 -5.2923587921e-002 2.1436749062e-002
-9.8517551796e-001 -1.5321596881e-001 7.7162592675e-002
-1.5229286579e-001 9.8817611803e-001 1.7743809533e-002
-7.8968866255e-002 5.7294543776e-003 -9.9686061790e-001
1.0755914762e+000 4.5370355094e+000 3.4191914004e-001
3.7178723017e+002 -5.2923587921e-002 2.1436749062e-002
-9.8678923634e-001 -1.5101634636e-001 5.8660601632e-002
-1.4961431539e-001 9.8835845127e-001 2.7624779362e-002
-6.2149494628e-002 1.8483369177e-002 -9.9789568863e-001
1.0452631004e+000 5.4033595763e+000 2.9728939458e-001
3.7178723017e+002 -5.2923587921e-002 2.1436749062e-002
-9.8666846642e-001 -1.5251856123e-001 5.6775222133e-002
-1.5114190490e-001 9.8812039483e-001 2.7824627702e-002
-6.0344527095e-002 1.8872567519e-002 -9.9799918048e-001
1.0091562701e+000 6.3111655582e+000 2.1632598980e-001
3.7178723017e+002 -5.2923587921e-002 2.1436749062e-002
-9.8859920744e-001 -1.3480251357e-001 6.7081214823e-002
-1.3263593549e-001 9.9051856362e-001 3.5786641839e-002
-7.1269317825e-002 2.6481266077e-002 -9.9710552445e-001
1.1010489079e+000 7.1736220820e+000 2.1739119543e-001
3.7178723017e+002 -5.2923587921e-002 2.1436749062e-002
-9.8918600336e-001 -1.1859332843e-001 8.6294108751e-002
-1.1795320220e-001 9.9294050871e-001 1.2497529782e-002
-8.7167039896e-002 2.1837150786e-003 -9.9619131624e-001
1.1990118022e+000 8.0393649100e+000 -1.2880239955e-002
3.7178723017e+002 -5.2923587921e-002 2.1436749062e-002
-9.9028233544e-001 -1.0408857072e-001 9.2230502340e-002
-1.0185691244e-001 9.9438800242e-001 2.8594930329e-002
-9.4689310412e-002 1.8922740188e-002 -9.9532701380e-001
1.3177067574e+000 8.9041650983e+000 5.3946530159e-002
3.7178723017e+002 -5.2923587921e-002 2.1436749062e-002
-9.9092954056e-001 -1.2332580134e-001 5.3379699885e-002
-1.2257183856e-001 9.9231080340e-001 1.7187607643e-002
-5.5088928363e-002 1.0488860188e-002 -9.9842635872e-001
1.1200391323e+000 9.8149452539e+000 -1.9920560766e-001
3.7178723017e+002 -5.2923587921e-002 2.1436749062e-002
-9.9290236205e-001 -1.0127313563e-001 6.2359052618e-002
-1.0012639278e-001 9.9474765773e-001 2.1255655759e-002
-6.4184148438e-002 1.4861003813e-002 -9.9782741276e-001
1.3500235814e+000 1.0712970820e+001 -2.1044689872e-001
3.7178723017e+002 -5.2923587921e-002 2.1436749062e-002
-9.9075729348e-001 -1.0938142325e-001 8.0222750240e-002
-1.1221664904e-001 9.9317750624e-001 -3.1715371301e-002
-7.6206358575e-002 -4.0424563640e-002 -9.9627227482e-001
1.2757955113e+000 1.1578499888e+001 -9.0679043316e-001
3.7178723017e+002 -5.2923587921e-002 2.1436749062e-002
-9.9020668974e-001 -1.1269930505e-001 8.2398897037e-002
-1.1352679693e-001 9.9352019335e-001 -5.4121894703e-003
-8.1255018124e-002 -1.4713669071e-002 -9.9658473296e-001
1.2485401458e+000 1.2469726919e+001 -7.0758723076e-001
3.7178723017e+002 -5.2923587921e-002 2.1436749062e-002
-9.9035835811e-001 -1.2363907226e-001 6.2479615279e-002
-1.2353121220e-001 9.9232487951e-001 5.6011708135e-003
-6.2692600267e-002 -2.1710162826e-003 -9.9803052286e-001
1.0842340855e+000 1.3406481832e+001 -7.0415020035e-001
3.7178723017e+002 -5.2923587921e-002 2.1436749062e-002
-9.9037404185e-001 -1.2398119788e-001 6.1546078743e-002
-1.2304513837e-001 9.9222321808e-001 1.8787746431e-002
-6.3396775619e-002 1.1033950595e-002 -9.9792740256e-001
1.0688298070e+000 1.4310475889e+001 -6.1970443381e-001
3.7178723017e+002 -5.2923587921e-002 2.1436749062e-002
-9.8805883219e-001 -1.4069243818e-001 6.2812275683e-002
-1.4070190198e-001 9.9004269094e-001 4.2947517743e-003
-6.2791073540e-002 -4.5943392337e-003 -9.9801611867e-001
8.0324214617e-001 1.5189571272e+001 -9.3929203645e-001
3.7178723017e+002 -5.2923587921e-002 2.1436749062e-002
-9.8764654743e-001 -1.4132947950e-001 6.7677733142e-002
-1.4180478085e-001 9.8989209280e-001 -2.2469424515e-003
-6.6676093688e-002 -1.1816211071e-002 -9.9770470365e-001
7.8332414312e-001 1.6094422342e+001 -1.1455798118e+000
3.7178723017e+002 -5.2923587921e-002 2.1436749062e-002
-9.8709627179e-001 -1.3867908481e-001 8.0056615369e-002
-1.3707391041e-001 9.9023930012e-001 2.5236314917e-002
-8.2774955829e-002 1.3936999045e-002 -9.9647080577e-001
8.1389166530e-001 1.7027570580e+001 -7.7790107648e-001
3.7178723017e+002 -5.2923587921e-002 2.1436749062e-002
-9.9825391430e-001 -5.2778519847e-002 2.6524525112e-002
-4.2248851536e-002 9.5178911850e-001 3.0382973595e-001
-4.1281438125e-002 3.0217859247e-001 -9.5235704498e-001
2.2464385904e+000 1.6748802645e+001 4.0191530202e+000
3.7178723017e+002 -5.2923587921e-002 2.1436749062e-002
-9.8529442603e-001 -1.6406634531e-001 4.7719266353e-002
-1.4855920373e-001 9.6054892684e-001 2.3510832001e-001
-8.4410052901e-002 2.2456178101e-001 -9.7079706916e-001
6.6628935870e-001 1.6465500874e+001 2.6858226597e+000
3.7178723017e+002 -5.2923587921e-002 2.1436749062e-002
-9.8643323649e-001 -1.5886149825e-001 4.1382294871e-002
-1.4734584858e-001 9.6793043992e-001 2.0346956624e-001
-7.2378663020e-002 1.9461163340e-001 -9.7820633881e-001
1.1210399562e+000 1.5695551027e+001 2.0589921447e+000
3.7178723017e+002 -5.2923587921e-002 2.1436749062e-002
-9.8908433781e-001 -1.2202160665e-001 8.2600848701e-002
-1.0579140422e-001 9.7826209834e-001 1.7835763440e-001
-1.0256876468e-001 1.6767228294e-001 -9.8049255685e-001
2.0791792507e+000 1.4833169168e+001 1.6860065636e+000
3.7178723017e+002 -5.2923587921e-002 2.1436749062e-002
-9.9059189964e-001 -1.3261590236e-001 3.3774410476e-002
-1.2019508012e-001 9.6112289926e-001 2.4858784209e-001
-6.5428060313e-002 2.4218958475e-001 -9.6802033758e-001
2.2116365277e+000 1.3928548536e+001 2.5181225282e+000
3.7178723017e+002 -5.2923587921e-002 2.1436749062e-002
-9.9209660260e-001 -1.1901649385e-001 3.9741732472e-002
-1.0630824186e-001 9.6551717634e-001 2.3764498713e-001
-6.6654998467e-002 2.3154191065e-001 -9.7053874461e-001
2.7647835706e+000 1.3078893627e+001 2.2372810291e+000
3.7178723017e+002 -5.2923587921e-002 2.1436749062e-002
-9.9135428214e-001 -1.2219703806e-001 4.7797187974e-002
-1.1017844564e-001 9.7306221933e-001 2.0251080820e-001
-7.1255858745e-002 1.9549373701e-001 -9.7811287763e-001
3.0866214610e+000 1.2282417227e+001 1.6940068480e+000
3.7178723017e+002 -5.2923587921e-002 2.1436749062e-002
-9.9173315696e-001 -1.1991965656e-001 4.5657653838e-002
-1.0785137374e-001 9.7178834077e-001 2.0975104750e-001
-6.9522849246e-002 2.0309282782e-001 -9.7668821879e-001
3.4724222222e+000 1.1435245435e+001 1.6803674616e+000
3.7178723017e+002 -5.2923587921e-002 2.1436749062e-002
-9.7553193830e-001 -1.0053178273e-001 1.9552697515e-001
-1.1279861908e-001 9.9222356098e-001 -5.2620115671e-002
-1.8871647752e-001 -7.3387776224e-002 -9.7928561994e-001
4.0330395476e+000 1.0621276892e+001 -6.2178026114e-001
3.7178723017e+002 -5.2923587921e-002 2.1436749062e-002
-9.9403348894e-001 -7.8800988657e-002 7.5417683962e-002
-7.0609719751e-002 9.9188585184e-001 1.0572002831e-001
-8.3136576453e-002 9.9764027066e-002 -9.9153186966e-001
4.2905397372e+000 1.0446720476e+001 6.1130911173e-001
3.7178723017e+002 -5.2923587921e-002 2.1436749062e-002
-9.8758831144e-001 -1.3561440428e-001 7.9234212683e-002
-1.2467526907e-001 9.8368770284e-001 1.2967104752e-001
-9.5526982522e-002 1.1818306407e-001 -9.8838623978e-001
3.6804955015e+000 1.0655552723e+001 9.8649680508e-001
3.7178723017e+002 -5.2923587921e-002 2.1436749062e-002
-9.8970757560e-001 -1.1908292639e-001 7.9361019624e-002
-1.0723042931e-001 9.8435849278e-001 1.3978552401e-001
-9.4765762929e-002 1.2983687587e-001 -9.8699637073e-001
3.8586704759e+000 1.0582157913e+001 1.3035813929e+000
3.7178723017e+002 -5.2923587921e-002 2.1436749062e-002
-9.8793955301e-001 -1.3805315707e-001 7.0119650711e-002
-1.2617591510e-001 9.8025929122e-001 1.5222141906e-001
-8.9750086582e-002 1.4153814961e-001 -9.8585590943e-001
3.6626800586e+000 1.0641299285e+001 1.5867563371e+000
3.7178723017e+002 -5.2923587921e-002 2.1436749062e-002
-9.9548215517e-001 -7.2057124801e-002 6.1830813545e-002
-6.4345317114e-002 9.9083733947e-001 1.1874782897e-001
-6.9820905922e-002 1.1423282140e-001 -9.9099742866e-001
4.3843826555e+000 1.0425711179e+001 1.3924348106e+000
3.7178723017e+002 -5.2923587921e-002 2.1436749062e-002
-9.9002084224e-001 -1.1778642310e-001 7.7363366464e-002
-1.0225719299e-001 9.7820186731e-001 1.8073343152e-001
-9.6964933970e-002 1.7101890340e-001 -9.8048474555e-001
3.9073330254e+000 1.0489850841e+001 2.3129213097e+000
3.7178723017e+002 -5.2923587921e-002 2.1436749062e-002
-9.9528861413e-001 -6.9042936044e-002 6.8070901077e-002
-5.9967891003e-002 9.9004115553e-001 1.2736703814e-001
-7.6186787828e-002 1.2268489450e-001 -9.8951704888e-001
4.4352888397e+000 1.0384274758e+001 1.9092418397e+000
3.7178723017e+002 -5.2923587921e-002 2.1436749062e-002
-9.9189375260e-001 -1.1301779501e-001 5.8084090482e-002
-1.0423293736e-001 9.8509983579e-001 1.3679842210e-001
-7.2679284023e-002 1.2963522488e-001 -9.8889454956e-001
3.9738980315e+000 1.0561283095e+001 2.1604718304e+000
3.7178723017e+002 -5.2923587921e-002 2.1436749062e-002
-9.9425874573e-001 -8.7585080886e-002 6.1468692343e-002
-7.9236580137e-002 9.8871503623e-001 1.2713827707e-001
-7.1910436658e-002 1.2153777493e-001 -9.8997851409e-001
4.2675466305e+000 1.0470128064e+001 2.2700512721e+000
3.7178723017e+002 -5.2923587921e-002 2.1436749062e-002
-9.8637233882e-001 -1.5145939457e-001 6.4262438597e-002
-1.4279010828e-001 9.8208522859e-001 1.2296173695e-001
-8.1734901933e-002 1.1211001549e-001 -9.9032860720e-001
3.5839703441e+000 1.0736622472e+001 2.4143060624e+000
3.7178723017e+002 -5.2923587921e-002 2.1436749062e-002
-9.8004040783e-001 -1.7841487641e-001 8.7686549061e-002
-1.5890815459e-001 9.6810052215e-001 1.9372552081e-001
-1.1945290879e-001 1.7592473073e-001 -9.7712920932e-001
3.2499135500e+000 1.0609337847e+001 3.4528963249e+000
3.7178723017e+002 -5.2923587921e-002 2.1436749062e-002
-9.8541797233e-001 -1.5987167807e-001 5.8244882725e-002
-1.4833607804e-001 9.7486932887e-001 1.6621131002e-001
-8.3353630780e-002 1.5514779463e-001 -9.8436849505e-001
3.5114041157e+000 1.0657471099e+001 3.2387153567e+000
3.7178723017e+002 -5.2923587921e-002 2.1436749062e-002
-9.9628266569e-001 -6.6411169430e-002 5.4867172612e-002
-5.8227088669e-002 9.8854507726e-001 1.3924164737e-001
-6.3485874024e-002 1.3552928389e-001 -9.8873725378e-001
4.5561930568e+000 1.0355031662e+001 3.1328832275e+000
3.7178723017e+002 -5.2923587921e-002 2.1436749062e-002
-9.7392626114e-001 -2.1833705066e-001 6.1616314085e-002
-1.9685986181e-001 9.4833751564e-001 2.4880142933e-001
-1.1275563250e-001 2.3018446676e-001 -9.6659261253e-001
2.8528343812e+000 1.0506171327e+001 4.5574941740e+000
3.7178723017e+002 -5.2923587921e-002 2.1436749062e-002
2.9263768607e-001 9.5373103594e-001 6.8994896702e-002
9.5606840901e-001 -2.9312667353e-001 -3.1544496587e-003
1.7215748020e-002 6.6886951969e-002 -9.9761202563e-001
8.2256446006e+000 -8.1565292930e+000 2.2845214151e+000
3.7178723017e+002 -5.2923587921e-002 2.1436749062e-002
8.2965128610e-001 5.5675315223e-001 -4.1287661171e-002
5.5538586524e-001 -8.3061042889e-001 -4.0408614404e-002
-5.6791585400e-002 1.0594475486e-002 -9.9832984174e-001
1.3578317809e+000 -1.1539634996e+001 2.2159240202e+000
3.7178723017e+002 -5.2923587921e-002 2.1436749062e-002
8.5527227633e-001 5.1713200458e-001 -3.2921469837e-002
5.1693389673e-001 -8.5589510858e-001 -1.4930154981e-002
-3.5898185975e-002 -4.2488760520e-003 -9.9934642006e-001
8.2182486419e-001 -1.1638951199e+001 2.0882811609e+000
0 0 0
0 0 0
0 0 0
0 0 0
0 0 0
4.1910691261e+000 -8.5149927139e+000 2.7339303493e+000
42 42 28
2 1 0 -49.8414 66.2898 2 0 -33.5171 146.3094
4.5836586952e+000 -8.1993227005e+000 2.6797597408e+000
51 49 31
2 1 1 66.7580 18.5499 2 1 62.6099 108.3888
5.2029371262e+000 -8.2832584381e+000 2.5193231106e+000
43 41 27
2 1 2 224.6376 87.8305 2 2 188.5389 166.8784
3.6499056816e+000 -8.5121278763e+000 2.8438904285e+000
29 31 20
2 1 3 -172.5364 27.1304 2 3 -137.2597 111.7318
3.9205861092e+000 -8.4305114746e+000 2.7993099689e+000
43 45 34
2 1 4 -106.8770 26.6679 2 4 -81.7062 112.5265
3.9048216343e+000 -8.3869810104e+000 2.8104584217e+000
43 44 29
2 1 5 -107.1967 15.3190 2 5 -82.4119 102.8002
3.7232167721e+000 -8.2814846039e+000 2.8552510738e+000
32 34 25
2 1 6 -140.2869 -20.7980 2 6 -111.3583 71.4210
4.9936337471e+000 -7.6284151077e+000 2.6496989727e+000
68 63 47
3 1 7 202.9456 -89.0775 2 7 176.8491 18.7885 3 0 176.2660 133.2807
3.4728963375e+000 -7.8024139404e+000 2.9827644825e+000
36 38 25
3 1 8 -157.3968 -136.9909 2 8 -130.9851 -34.4221 3 1 -92.6943 91.4770
3.6379601955e+000 -8.6962032318e+000 2.8155219555e+000
28 30 21
2 1 9 -188.8263 69.4452 2 9 -150.0580 147.8270
4.8150725365e+000 -8.2382497787e+000 2.6179404259e+000
31 33 22
2 1 10 123.7615 45.5655 2 10 108.6976 131.6261
3.8782219887e+000 -8.7409982681e+000 2.7639012337e+000
23 26 19
2 1 11 -138.5879 97.9345 2 11 -106.6360 171.8335
4.5713744164e+000 -8.5153913498e+000 2.6482491493e+000
48 45 30
2 1 12 43.1299 95.9001 2 12 43.2444 171.4557
4.9611339569e+000 -8.2031326294e+000 2.5816161633e+000
46 45 29
2 1 13 164.9879 48.2299 2 13 141.7129 134.5370
3.7776947021e+000 -8.2010622025e+000 2.8644535542e+000
47 46 30
3 1 14 -121.8066 -35.4436 2 14 -96.6567 58.4494 3 2 -58.7672 173.5018
3.9436283112e+000 -7.9967665672e+000 2.8474264145e+000
40 40 25
3 1 15 -71.9675 -71.0412 2 15 -53.9765 28.9167 3 3 -22.9086 146.8050
4.7525982857e+000 -7.6676983833e+000 2.7069361210e+000
58 53 37
3 1 16 139.7813 -95.3717 2 16 124.3784 11.9942 3 4 130.4607 128.1725
3.9383683205e+000 -8.7107810974e+000 2.7659800053e+000
29 32 22
2 1 17 -122.0914 94.4388 2 17 -93.1486 168.6024
4.2884750366e+000 -8.2945423126e+000 2.7339122295e+000
50 47 32
2 1 18 -11.7392 20.3404 2 18 -2.3235 108.8685
3.6790375710e+000 -8.4259214401e+000 2.8574264050e+000
40 43 29
2 1 19 -159.1206 9.0299 2 19 -127.0822 96.2276
4.2851476669e+000 -8.0472431183e+000 2.7597708702e+000
40 40 28
2 1 20 3.7216 -38.3627 2 20 10.3065 59.4657
4.6727304459e+000 -8.3713026047e+000 2.6450762749e+000
54 51 36
2 1 21 77.9493 67.4720 2 21 71.5158 148.5565
5.1492853165e+000 -8.1764059067e+000 2.5422077179e+000
54 53 34
2 1 22 216.4967 56.0521 2 22 182.8768 141.2341
3.6665341854e+000 -8.5805654526e+000 2.8278944492e+000
30 33 23
2 1 23 -174.0915 44.2390 2 23 -138.1961 126.5524
4.8337826729e+000 -8.1804885864e+000 2.6227540970e+000
44 46 28
2 1 24 131.9503 32.4707 2 24 115.3159 120.7756
3.4705355167e+000 -8.2688789368e+000 2.9178330898e+000
35 37 25
3 1 25 -191.7083 -39.2584 2 25 -157.0818 53.9648 3 5 -111.7962 170.0219
3.6175661087e+000 -8.1242733002e+000 2.8980131149e+000
26 30 20
2 1 26 -151.6093 -62.1934 2 26 -122.5577 34.7032
3.9889776707e+000 -7.9236564636e+000 2.8473544121e+000
48 49 31
2 1 27 -56.6653 -84.4809 2 27 -41.5094 17.2372
4.8923220634e+000 -8.3075380325e+000 2.5904448032e+000
52 48 30
2 1 28 139.7640 69.1301 2 28 121.4480 151.1206
4.7909455299e+000 -8.2849617004e+000 2.6166498661e+000
69 65 42
2 1 29 114.4552 55.5052 2 29 101.6206 139.7884
3.2268550396e+000 -7.9857029915e+000 3.0176463127e+000
48 47 32
2 1 30 -218.3298 -111.5005 2 30 -183.9799 -13.3664
3.5173149109e+000 -8.0056838989e+000 2.9433984756e+000
31 33 21
3 1 31 -163.0710 -92.8046 2 31 -134.3583 5.9536 3 6 -93.5722 127.8237
3.9176204205e+000 -7.9107322693e+000 2.8538186550e+000
48 49 33
2 1 32 -72.2573 -91.8659 2 32 -54.3275 10.8237
3.7116091251e+000 -8.4805278778e+000 2.8346180916e+000
31 32 24
2 1 33 -156.7000 23.9388 2 33 -124.3289 109.5424
3.6070504189e+000 -8.7342071533e+000 2.7960710526e+000
44 45 32
2 1 34 -200.4655 77.3970 2 34 -159.1790 155.4057
4.5729508400e+000 -8.3439750671e+000 2.6624367237e+000
64 57 37
2 1 35 55.1672 53.4610 2 35 52.8039 137.3056
4.4241590500e+000 -8.2868709564e+000 2.7006435394e+000
57 53 33
2 1 36 21.6572 28.4147 2 36 25.7769 116.2659
3.4327564240e+000 -8.2082300186e+000 2.9403378963e+000
30 32 21
3 1 37 -194.0529 -54.4533 2 37 -160.4464 39.7504 3 7 -115.1755 157.5208
4.7196717262e+000 -7.7992110252e+000 2.6971604824e+000
44 43 31
3 1 38 124.5010 -67.2007 2 38 111.0697 35.8951 3 8 120.1997 150.2347
3.7226066589e+000 -7.9630875587e+000 2.9108364582e+000
53 55 35
2 1 39 -117.2540 -90.5195 2 39 -93.7047 9.3473
5.0358867645e+000 -7.6083712578e+000 2.6443905830e+000
68 61 44
3 1 40 214.3107 -90.5986 2 40 186.3796 16.7695 3 9 184.5166 131.8194
4.1344671249e+000 -8.5155982971e+000 2.7559316158e+000
41 42 27
2 1 41 -62.9074 61.6705 2 41 -44.8343 141.8903
4.0376162529e+000 -8.4842014313e+000 2.7830772400e+000
67 69 50
2 1 42 -83.3809 47.0900 2 42 -61.7330 129.2282
4.5271730423e+000 -8.2785091400e+000 2.6758537292e+000
59 53 34
2 1 43 48.0940 34.0157 2 43 47.1623 121.4353
4.4693198204e+000 -8.1563558578e+000 2.7110896111e+000
66 62 39
2 1 44 41.0850 -0.0300 2 44 41.5141 92.4322
3.4439058304e+000 -8.3422355652e+000 2.9086904526e+000
34 35 26
2 1 45 -203.1127 -24.6415 2 45 -166.2325 66.4307
3.8426260948e+000 -7.5577340126e+000 2.9154195786e+000
52 49 35
2 1 46 -64.7496 -170.3799 2 46 -49.9064 -60.8501
3.4949955940e+000 -8.7346944809e+000 2.8126425743e+000
26 27 22
2 1 47 -225.4216 69.6160 2 47 -180.6242 148.8395
4.9570140839e+000 -7.6804194450e+000 2.6459262371e+000
72 67 47
2 1 48 191.9300 -79.6032 2 48 167.3236 27.0173
3.9972290993e+000 -8.5825119019e+000 2.7672452927e+000
28 31 20
2 1 49 -99.8556 68.1601 2 49 -74.9750 147.2184
3.6604025364e+000 -8.4810609818e+000 2.8509881496e+000
41 44 30
2 1 50 -166.9417 20.3149 2 50 -133.9560 106.1669
3.9141252041e+000 -8.6442480087e+000 2.7878828049e+000
24 26 16
2 1 51 -122.4087 76.1137 2 51 -94.0519 153.0449
3.9025659561e+000 -7.7601685524e+000 2.8814475536e+000
45 46 31
5 1 52 -65.6115 -124.8539 2 52 -49.3428 -19.5780 3 10 -20.0801 104.7899 81 0 -173.8302 -101.5880 82 0 -165.6253 -3.9945
4.0494718552e+000 -8.5173177719e+000 2.7646157742e+000
36 40 24
2 1 53 -83.3759 56.3740 2 53 -61.2740 137.5727
3.7010498047e+000 -8.3596744537e+000 2.8517596722e+000
24 28 19
2 1 54 -150.4275 -4.5001 2 54 -119.7827 85.2710
3.9407305717e+000 -8.2924976349e+000 2.8111386299e+000
38 39 23
2 1 55 -92.8224 -4.1261 2 55 -70.4177 86.6139
4.9677591324e+000 -7.5519685745e+000 2.6707408428e+000
74 69 50
3 1 56 199.2357 -108.0986 2 56 173.8679 2.0639 3 11 174.1058 117.8294
3.7710518837e+000 -7.7272119522e+000 2.9455459118e+000
46 46 30
2 1 57 -89.9880 -136.4526 2 57 -72.1519 -32.5753
4.9280724525e+000 -7.4207863808e+000 2.6917185783e+000
71 67 48
4 1 58 196.1686 -139.6688 2 58 172.7261 -26.8210 3 12 171.0946 93.2243 4 0 153.2056 159.7904
3.6210949421e+000 -8.0944900513e+000 2.8977115154e+000
30 32 21
2 1 59 -148.9366 -68.6077 2 59 -120.4531 29.2966
3.7855961323e+000 -8.4464483261e+000 2.8260221481e+000
27 29 20
2 1 60 -137.7306 20.9665 2 60 -108.6165 107.3276
